26114 -0.91 8.96
27365.6 0.02 14.7
27869.94 2.05 18.73
28114.12 4.16 22.01
28318.17 7.25 25.24
28439.76 10.03 27.48
28530.36 13.38 29.41
28600.69 16.59 30.11
28657.91 20.27 30.88
28705.6  23.89 31.02
28747.32 27.47 30.57
28783.08 31.02 28.71
28815.27 34.37 27.49
28845.07 37.49 24.87
28872.49 39.92 22.74
28897.52 42.38 19.66
28921.37 43.24 16.52
28944.02 44.13 12.98
28966.67 44.52 10.06
28989.32 44.45 6.76
29010.77 44.34 2.75
29033.42 43.06 -0.92
29056.07 41.15 -3.48
29078.72 39.66 -5.69
29102.56 37.65 -8.23
29128.79 34.12 -10.18
29156.21 31.96 -11.90
29186.01 29.00 -13.29
29218.2  25.57 -13.85
29255.15 22.22 -13.56
29296.88 19.62 -13.68
29345.75 16.04 -12.81
29405.36 12.84 -12.25
29478.07 9.91  -10.06
29572.25 7.51  -8.34
29698.61 5.09  -5.89
29882.19 3.26  -3.64
30176.64 1.72  -1.05
30732.15 -0.27 2.78
32304.39 -1.86 6.03

 
  