-22.894360 1.434905 26114.000000 
-21.715058 7.128492 27365.600000 
-19.514015 11.065392 27869.940000 
-17.266130 14.249501 28114.120000 
-14.043279 17.340593 28318.170000 
-11.172993 19.456264 28439.760000 
-7.747968 21.237186 28530.360000 
-4.516536 21.795448 28600.690000 
-0.813393 22.402990 28657.910000 
2.802266 22.383776 28705.600000 
6.352138 21.776890 28747.320000 
9.810196 19.762685 28783.080000 
13.096930 18.396650 28815.270000 
16.092869 15.642075 28845.070000 
18.422318 13.407348 28872.490000 
20.739973 10.222220 28897.520000 
21.459630 7.047461 28921.370000 
22.191639 3.471771 28944.020000 
22.452316 0.537453 28966.670000 
22.237642 -2.756283 28989.320000 
21.951915 -6.757575 29010.770000 
20.514503 -10.367781 29033.420000 
18.497648 -12.841375 29056.070000 
16.914942 -14.983763 29078.720000 
14.799254 -17.432981 29102.560000 
11.193873 -19.225974 29128.790000 
8.964619 -20.849393 29156.210000 
5.952171 -22.107975 29186.010000 
2.507523 -22.516705 29218.200000 
-0.820040 -22.079772 29255.150000 
-3.417776 -22.085401 29296.880000 
-6.949209 -21.058921 29345.750000 
-10.115354 -20.358840 29405.360000 
-12.940720 -18.042199 29478.070000 
-15.258256 -16.218394 29572.250000 
-17.563685 -13.664416 29698.610000 
-19.289604 -11.336171 29882.190000 
-20.711437 -8.680999 30176.640000 
-22.527528 -4.767250 30732.150000 
-23.970240 -1.450518 32304.390000 
