27.1410 518.4228
27.2713 518.8428
27.6241 519.5054
27.4376 520.1579
28.2231 520.4584
28.4507 521.4205
28.4116 521.8340
29.3604 523.2393
29.2246 523.0568
30.1776 524.0914
30.7119 525.0064
31.3815 525.6447
33.2030 526.1204
32.2231 526.5324
32.7321 527.6334
33.6121 528.8503
34.3964 528.8202
34.8790 529.8297
35.8724 530.3584
36.9950 531.5235
38.0983 531.5970
39.1841 532.4365
40.4338 532.7516
41.5416 533.6864
42.8203 534.3148
44.1625 534.1636
46.0596 534.9701
47.7152 535.0876
49.7892 535.4880
51.8253 535.0959
53.9602 534.8035
56.2896 533.8213
58.1326 533.2129
60.4984 532.0273
62.4259 529.9553
64.4058 528.6136
66.2475 526.4573
67.9443 524.1384
70.6442 521.2496
69.4806 518.5297
69.9958 514.7083
69.0822 511.7999
68.8674 508.3002
67.9140 505.7202
65.8455 503.6565
64.1342 502.0646
62.3967 500.1756
59.8131 498.4983
57.8486 497.5558
55.9308 496.9601
53.0694 495.7602
51.0882 495.6904
49.4300 495.8559
47.7592 495.9757
45.3022 496.2764
43.7938 496.8344
42.3518 497.3691
41.3819 497.8099
39.7978 498.4242
40.8318 499.2919
37.6632 499.2885
36.8932 500.1659
35.8302 501.2372
36.1721 502.0270
34.1772 503.0336
35.2791 503.4477
33.1749 504.2314
32.5894 505.3483
31.7726 505.6589
31.2266 506.4446
31.2435 506.8156
32.3009 507.6542
30.3573 508.3609
29.6442 509.2876
29.3493 510.2253
29.6793 510.7102
28.7642 511.1492
28.8736 512.6672
28.5581 512.6523
28.5949 513.3078
27.9713 513.7641
28.0251 514.5527
29.5159 514.9857
27.9053 515.6292
27.6706 515.8217
27.2134 516.5202
27.5928 517.3229
