3.9788 14.6675
3.9255 15.4089
3.9839 14.8409
4.1928 15.1173
4.5228 14.9999
4.6318 15.8835
4.6632 16.1978
5.1369 16.3429
5.4029 16.9283
5.5000 17.1666
7.5236 17.2191
5.9871 17.5362
6.4872 17.5169
6.3616 18.0895
6.9151 18.2463
7.3805 18.8654
7.1204 19.0056
7.7646 20.3390
8.4959 19.8531
8.8069 20.7243
9.2449 20.7515
9.7811 21.1249
10.6672 21.3761
10.9613 21.6841
11.2939 22.3739
12.1615 23.1517
12.8524 23.2569
13.6129 24.0645
14.5021 24.4350
15.6726 24.6767
16.6091 25.1009
17.8459 24.5928
18.8471 25.1649
20.1730 25.4751
21.6666 25.8657
23.1589 26.3856
24.5958 25.7858
26.2743 25.4742
28.5272 26.3291
29.9994 25.4776
32.3157 25.0589
34.7652 23.4257
37.0235 22.6765
39.0714 21.0298
41.2075 18.9390
42.6014 17.4522
44.7030 14.8119
46.4747 11.2793
46.7405 8.6429
47.8361 5.3510
47.4249 1.1372
46.8941 -1.8315
47.6592 -5.0932
46.6428 -7.6266
43.6909 -10.1300
42.1218 -12.4935
39.5827 -14.6259
37.4464 -16.1753
36.8867 -17.7444
32.9598 -18.6919
31.1579 -19.8101
28.7784 -20.3825
26.9188 -20.1827
25.0620 -20.7180
23.0692 -20.4307
21.6009 -20.6707
20.1380 -20.4139
18.5043 -19.9511
17.1829 -19.4341
16.7208 -18.7195
15.2087 -18.8791
14.2342 -18.3514
13.5877 -18.1872
12.4548 -17.5367
12.0352 -17.0127
12.3749 -16.3918
10.5720 -15.5821
10.4481 -15.7397
9.6207 -14.4767
9.0438 -14.7132
8.3622 -14.6280
7.9283 -13.9893
7.9666 -13.2905
7.4635 -12.6720
6.7538 -12.5376
6.5707 -12.1333
6.4286 -11.5601
5.5612 -11.7949
6.0457 -10.7396
5.3360 -11.2396
5.5123 -11.1158
4.6556 -10.5649
5.2272 -10.1404
5.0407 -9.8362
4.5328 -9.3121
4.4606 -9.4135
4.7317 -9.1076
3.7952 -8.4113
3.5210 -8.0380
