27.2745 519.1184
27.2556 519.3435
28.1138 520.0547
28.1425 520.7775
28.1203 521.6017
28.6381 521.7513
30.6806 522.7034
29.4179 523.5457
30.1803 524.6879
30.6321 524.7900
31.2691 525.3105
31.8623 526.2696
32.5637 526.9568
32.6497 527.3079
33.1827 528.5560
34.3997 528.8494
35.3852 530.3045
35.8049 530.7435
38.7182 531.6554
38.1570 531.9526
38.9598 532.3928
40.4513 533.2043
41.7612 533.5304
43.2831 534.1575
44.6234 534.0105
46.5347 535.0261
47.7832 535.2785
49.8684 535.3631
51.9277 534.7557
53.9217 535.0146
56.1353 534.2448
58.2208 533.1629
60.6983 531.9977
62.6610 530.2051
64.7086 528.9331
66.5315 526.1931
68.0721 524.0087
68.7529 521.1923
70.0321 518.6578
70.1872 514.4500
69.9130 511.8827
68.6920 508.4821
67.7778 506.2124
65.9490 503.7194
65.8223 501.2456
61.9638 500.2625
60.3903 498.1107
58.2079 497.3396
55.8884 496.8356
53.6728 495.6671
51.0165 495.3920
49.5977 495.3833
48.0405 495.8125
45.7673 496.2663
44.1345 496.8583
44.4360 497.1479
41.1658 498.2485
39.8585 498.2912
39.1775 499.1222
38.0669 499.7439
36.8330 500.5674
36.1861 501.3624
35.3031 501.8941
34.4698 502.7223
35.5782 503.2083
33.3443 503.7273
32.3641 505.2287
32.1797 506.0325
31.5132 506.1570
31.0838 507.2973
30.5533 507.4604
30.3475 508.3465
29.7722 509.7719
29.8252 510.1722
29.2236 510.2401
29.0554 511.5186
29.1270 512.0394
28.5383 512.7687
28.0754 512.8096
28.5360 513.1859
28.3927 514.5814
27.9689 514.6579
27.2539 515.2487
27.6078 516.3942
27.3498 516.4365
27.0165 517.1995
27.5121 518.4104
